baseIDs <- c("23400", "23403", "23404", "23406", "23407", "23439", "23440", "23442", "23444", "23445", "23446", "23447", "23448", "23450", "23460", "23462", "23463", "23464", "23465", "23466", "23467", "23468", "23469", "23470", "23478", "23479", "23480")
metabIDs <- c("23400", "23401", "23402", "23403", "23404", "23405", "23406", "23407", "23408", "23409", "23410", "23411", "23412", "23413", "23414", "23415", "23416", "23417", "23418", "23419", "23420", "23421", "23422", "23423", "23424", "23425", "23426", "23427", "23428", "23429", "23430", "23431", "23432", "23433", "23434", "23436", "23437", "23438", "23439", "23440", "23442", "23443", "23444", "23445", "23446", "23447", "23448", "23449", "23450", "23460", "23461", "23462", "23463", "23464", "23465", "23466", "23467", "23468", "23469", "23470", "23471", "23472", "23473", "23474", "23475", "23476", "23477", "23478", "23479", "23480", "23481", "23482", "23483", "23484", "23485", "23486", "23487", "23488", "23489", "23490", "23491", "23492", "23493", "23494", "23495", "23496", "23497", "23498", "23499", "23500", "23501", "23502", "23503", "23504", "23505", "23506", "23507", "23508", "23509", "23510", "23511", "23512", "23513", "23514", "23515", "23516", "23517", "23518", "23519", "23520", "23521", "23522", "23523", "23524", "23525", "23526", "23527", "23528", "23529", "23530", "23531", "23532", "23533", "23534", "23535", "23536", "23537", "23538", "23539", "23540", "23541", "23542", "23543", "23544", "23545", "23546", "23547", "23548", "23549", "23550", "23551", "23552", "23553", "23554", "23555", "23556", "23557", "23558", "23559", "23560", "23561", "23562", "23563", "23564", "23565", "23566", "23567", "23568", "23569", "23570", "23571", "23572", "23573", "23574", "23575", "23576", "23577", "23578")
demographicIDs <- c("X31", "X74", "X3166", "pop", "X21003")
comorbidityIDs <- c("BP", "X20116", "X22040", "X21001", "X30750", "SE",
                    "betablocker", "caffeine", "alcoholintake.x", "dm", "oral_steroid", "cad")
